*** NEW DEAL ***
2011-12-22, BUY EXECUTED, Size: 300.000000 Price: 25.860001, Cost: 7758.000300, Comm 0.000000

   safety_order_number  deviation_percent     quantity  total_quantity   quantity_usd  total_quantity_usd       price  weighted_average_price  required_price  required_change_percent       profit  profit_roi_percent
0                    0         0.00000000  11.60092763     11.60092763   300.00000000        300.00000000 25.86000100             25.86000100     26.11860101               1.00000000   3.00000000          0.00000000
1                    1         1.30000000   0.45451375     12.05544138    11.60092763        311.60092763 25.52382099             25.84732636     26.10579962               2.28013914   0.26451729        -91.18275696
2                    2         3.32800000   1.16012153     13.21556290    29.00231906        340.60324669 24.99938017             25.77288983     26.03061872               4.12505651   1.19636205        -60.12126502
3                    3         6.49168000   2.99843020     16.21399310    72.50579766        413.10904435 24.18125249             25.47855064     25.73333615               6.41854124   4.65381453         55.12715090
4                    4        11.42702080   7.91376142     24.12775452   181.26449415        594.37353850 22.90497331             24.63443243     24.88077676               8.62608929  15.63603711        421.20123693
5                    5        19.12615245  21.66786443     45.79561895   453.16123538      1,047.53477388 20.91397779             22.87412634     23.10286761              10.46615733  47.42856787      1,480.95226248
6                    6        31.13679782  63.61756022    109.41317918 1,132.90308844      2,180.43786232 17.80802477             19.92847552     20.12776027              13.02634923 147.57591275      4,819.19709155
7                    7        49.87340460 218.49224333    327.90542251 2,832.25772110      5,012.69558342 12.96273807             15.28701644     15.43988660              19.10976303 541.23773902     17,941.25796737